0.04484051465988159 0.4417153000831604 
-0.3314843773841858 0.37807053327560425
-0.04326695203781128 0.5928694605827332
-0.16949403285980225 -0.32645827531814575 -0.49358242750167847 
0.42312127351760864 -0.34900420904159546 0.44280391931533813
-0.0013252496719360352 -0.45530447363853455 0.49927860498428345
-0.14781799912452698 0.5076146125793457 0.15536725521087646 
0.27657294273376465 0.3458558917045593 -0.38990288972854614 
-0.04322284460067749 -0.1342889666557312 -0.0053795576095581055
-0.26700520515441895 -0.039832472801208496 -0.006393909454345703
0.17290174961090088 
0.10993349552154541 
0.31388378143310547
0.24030762910842896
